5 25
2 2 1 2 2
7 16 0 15 21 23 3 10 4 22 6 9 5 14 2 20 19 1 24 11 8 17 12 18 13
5 23 3 18 21 17 22 12 14 7 0 13 1 8 20 16 19 6 10 11 15 9 4 2 24
3 7 1 5 16 11 20 15 14 22 6 24 23 0 2 17 10 18 21 8 4 13 19 12 9
11 24 4 16 2 8 17 20 15 7 13 22 14 23 12 0 1 5 21 19 6 18 9 3 10
19 3 1 8 11 2 16 17 15 20 21 23 24 18 10 9 12 0 7 6 14 22 13 4 5
0 1 3 2 4
1 3 4 2 0
4 3 2 1 0
2 4 0 1 3
3 1 0 4 2
0 1 3 2 4
1 3 4 2 0
4 3 2 1 0
2 4 0 1 3
3 1 0 4 2
0 1 3 2 4
1 3 4 2 0
4 3 2 1 0
2 4 0 1 3
3 1 0 4 2
0 1 3 2 4
1 3 4 2 0
4 3 2 1 0
2 4 0 1 3
3 1 0 4 2
0 1 3 2 4
1 3 4 2 0
4 3 2 1 0
2 4 0 1 3
3 1 0 4 2
